cam0:
  cam_overlaps: [1]
  camera_model: pinhole
  distortion_coeffs: [0.0030098936321469034, 0.0009997796045680069, -6.971567198968077e-05, 0.0006450000993606375]
  distortion_model: radtan
  intrinsics: [645.1849533807259, 646.0940985555259, 648.5946717135787, 356.2741532926386]
  resolution: [1280, 720]
  rostopic: /camera/infra1/image_rect_raw
cam1:
  T_cn_cnm1:
  - [0.9999995405334958, -4.417551773685351e-05, 0.0009575914122158715, -0.017846629974199037]
  - [4.433721171086695e-05, 0.9999999847645913, -0.00016883429980613768, 2.936501143606469e-05]
  - [-0.0009575839392839732, 0.00016887667916560878, 0.9999995272567174, 2.1136182820036578e-05]
  - [0.0, 0.0, 0.0, 1.0]
  cam_overlaps: [0]
  camera_model: pinhole
  distortion_coeffs: [0.00423010737027677, -3.6991115102440847e-07, -0.0001425940932629813, 0.00047349269759308307]
  distortion_model: radtan
  intrinsics: [644.8657842729631, 645.8225840833546, 647.7467602010724, 355.8926397743057]
  resolution: [1280, 720]
  rostopic: /camera/infra2/image_rect_raw